1764780818397 0.5076142131979695 500
1764780825841 1.015228426395939 1000
1764780828160 1.015228426395939 1000
1764780836645 1.5228426395939088 1500
1764780844604 2.030456852791878 2000
1764780846820 2.030456852791878 2000
1764780855127 2.5380710659898478 2500
1764780862999 3.045685279187817 3000
1764780865240 3.045685279187817 3000
1764780873114 3.553299492385787 3500
1764780880535 4.060913705583756 4000
1764780882799 4.060913705583756 4000
1764780891164 4.568527918781726 4500
1764780898465 5.0 4925
