1764946790812 0.5076142131979695 500
1764946799057 1.015228426395939 1000
1764946801375 1.015228426395939 1000
1764946812840 1.5228426395939088 1500
1764946820161 2.030456852791878 2000
1764946822223 2.030456852791878 2000
1764946830521 2.5380710659898478 2500
1764946837467 3.045685279187817 3000
1764946839538 3.045685279187817 3000
1764946850109 3.553299492385787 3500
1764946857400 4.060913705583756 4000
1764946859570 4.060913705583756 4000
1764946867241 4.568527918781726 4500
1764946874312 5.0 4925
